CHROM	POS	AO	RO	DP	MAF
chr1	2398222	384	336	720	0.533333
chr1	3345118	93	103	196	0.47449
chr1	4569348	94	0	94	1
chr1	5342810	0	252	252	0
chr1	6981115	0	84	84	0
chr1	7678120	220	303	523	0.42065
chr1	10222128	65	109	174	0.373563
chr1	11982698	0	198	198	0
chr1	13968967	49	0	49	1
chr1	14466039	47	57	104	0.451923
chr1	14991903	0	292	292	0
chr1	17914405	266	0	266	1
chr1	18794403	0	346	346	0
chr1	19968529	56	84	140	0.4
chr1	21349460	175	162	337	0.519288
chr1	24870664	467	0	467	1
chr1	25880753	393	0	393	1
chr1	29651929	166	169	335	0.495522
chr1	29908642	98	100	198	0.494949
chr1	30483565	92	113	205	0.44878
chr1	31428805	185	188	373	0.495979
chr1	33535735	272	0	272	1
chr1	34358021	0	148	148	0
chr1	36732119	198	0	198	1
chr1	37689201	142	0	142	1
chr1	38271202	0	477	477	0
chr1	41616781	155	0	155	1
chr1	41942488	0	165	165	0
chr1	43788474	0	93	93	0
chr1	45789332	0	247	247	0
chr1	47792367	0	403	403	0
chr1	52714893	61	69	130	0.469231
chr1	54116196	75	109	184	0.407609
chr1	54789910	146	182	328	0.445122
chr1	55580647	0	81	81	0
chr1	56452280	0	354	354	0
chr1	57086750	43	40	83	0.518072
chr1	57248885	0	88	88	0
chr1	57769825	0	112	112	0
chr1	58613687	0	66	66	0
chr1	59467664	40	73	113	0.353982
chr1	60839093	40	33	73	0.547945
chr1	61781717	84	0	84	1
chr1	64329066	53	0	53	1
chr1	66270171	0	125	125	0
chr1	67723483	43	78	121	0.355372
chr1	69897918	0	148	148	0
chr1	72105681	0	111	111	0
chr1	73759975	64	0	64	1
chr1	76116432	86	0	86	1
chr1	77066868	0	131	131	0
chr1	81341412	54	0	54	1
chr1	82549209	33	49	82	0.402439
chr1	82677269	0	99	99	0
chr1	84096582	45	51	96	0.46875
chr1	84956378	104	118	222	0.468468
chr1	86220163	60	0	60	1
chr1	87722647	105	0	105	1
chr1	89635767	98	69	167	0.586826
chr1	90103803	47	61	108	0.435185
chr1	91128933	131	0	131	1
chr1	93002505	82	106	188	0.43617
chr1	94612573	33	35	68	0.485294
chr1	95078122	96	0	96	1
chr1	95932192	0	88	88	0
chr1	97254909	0	108	108	0
chr1	99633614	73	1	74	0.986486
chr1	101204680	103	0	103	1
chr1	101384274	58	86	144	0.402778
chr1	105115261	52	89	141	0.368794
chr1	107544628	48	56	104	0.461538
chr1	109169225	100	143	243	0.411523
chr1	110167740	85	111	196	0.433673
chr1	110686930	49	57	106	0.462264
chr1	111354713	42	55	97	0.43299
chr1	111932927	75	0	75	1
chr1	114684872	0	114	114	0
chr1	115765225	0	104	104	0
chr1	116266955	0	179	179	0
chr1	117757728	84	0	84	1
chr1	118839604	0	119	119	0
chr1	145711946	110	120	230	0.478261
chr1	150757317	63	64	127	0.496063
chr1	152752340	65	0	65	1
chr1	153166561	46	49	95	0.484211
chr1	154609653	160	208	368	0.434783
chr1	154838207	0	680	680	0
chr1	157818480	0	112	112	0
chr1	158493296	0	72	72	0
chr1	159583474	0	122	122	0
chr1	160264901	178	1	179	0.994413
chr1	160974049	0	235	235	0
chr1	162217722	190	0	190	1
chr1	162843793	39	53	92	0.423913
chr1	163562688	0	105	105	0
chr1	164180409	0	64	64	0
chr1	165422714	0	190	190	0
chr1	167052312	111	154	265	0.418868
chr1	167671474	131	106	237	0.552743
chr1	168379933	100	0	100	1
chr1	168757919	86	107	193	0.445596
chr1	169603709	0	223	223	0
chr1	170237761	0	110	110	0
chr1	171866353	83	0	83	1
chr1	172180808	76	74	150	0.506667
chr1	175088814	84	0	84	1
chr1	175622830	34	63	97	0.350515
chr1	176806542	0	80	80	0
chr1	177777922	88	115	203	0.433498
chr1	179385787	60	83	143	0.41958
chr1	180931986	202	271	473	0.427061
chr1	181473878	53	52	105	0.504762
chr1	183019473	68	45	113	0.60177
chr1	183796672	52	84	136	0.382353
chr1	184261922	83	0	83	1
chr1	184838378	74	47	121	0.61157
chr1	184981092	46	47	93	0.494624
chr1	186198801	53	44	97	0.546392
chr1	187385755	43	0	43	1
chr1	188518559	99	0	99	1
chr1	189265515	22	43	65	0.338462
chr1	190064310	38	54	92	0.413043
chr1	190522667	0	115	115	0
chr1	192312290	112	92	204	0.54902
chr1	192761375	69	0	69	1
chr1	194469500	68	0	68	1
chr1	197395975	21	46	67	0.313433
chr1	198030196	37	40	77	0.480519
chr1	199909649	66	65	131	0.503817
chr1	200627135	49	93	142	0.34507
chr1	202086827	0	257	257	0
chr1	202649545	64	81	145	0.441379
chr1	203944447	83	1	84	0.988095
chr1	204251104	237	0	237	1
chr1	205212398	126	0	126	1
chr1	206503888	244	0	244	1
chr1	207462444	60	0	60	1
chr1	208274277	30	45	75	0.4
chr1	209639414	0	180	180	0
chr1	210534962	112	0	112	1
chr1	213694956	35	55	90	0.388889
chr1	214322360	58	87	145	0.4
chr1	215978249	115	0	115	1
chr1	216922938	0	72	72	0
chr1	218243312	53	53	106	0.5
chr1	219242122	78	0	78	1
chr1	219616093	23	40	63	0.365079
chr1	219989936	29	37	66	0.439394
chr1	221484395	38	61	99	0.383838
chr1	222216045	131	0	131	1
chr1	223473439	96	0	96	1
chr1	224838965	157	134	291	0.539519
chr1	226542735	92	117	209	0.440191
chr1	227549245	56	0	56	1
chr1	228236899	77	68	145	0.531034
chr1	229059873	360	0	360	1
chr1	230102316	230	0	230	1
chr1	230683095	71	84	155	0.458065
chr1	231069675	64	70	134	0.477612
chr1	232192655	41	38	79	0.518987
chr1	232371870	0	354	354	0
chr1	233437262	119	176	295	0.40339
chr1	233885793	86	0	86	1
chr1	234487071	0	223	223	0
chr1	235199645	125	0	125	1
chr1	236084228	63	88	151	0.417219
chr1	236674095	70	0	70	1
chr1	237575245	0	120	120	0
chr1	238780218	0	54	54	0
chr1	239956449	94	157	251	0.374502
chr1	240439729	76	0	76	1
chr1	240876471	145	0	145	1
chr1	241717062	49	44	93	0.526882
chr1	242182126	51	134	185	0.275676
chr1	242577721	0	59	59	0
chr1	244361792	0	158	158	0
chr1	245293288	159	0	159	1
chr1	246501332	62	52	114	0.54386
chr1	247459638	57	76	133	0.428571
chr2	596629	184	0	184	1
chr2	1408111	63	0	63	1
chr2	3277313	0	440	440	0
chr2	4438324	20	28	48	0.416667
chr2	4849380	34	34	68	0.5
chr2	5724528	53	128	181	0.292818
chr2	6744018	38	68	106	0.358491
chr2	7356741	0	579	579	0
chr2	8367356	110	117	227	0.484581
chr2	9939555	144	0	144	1
chr2	11332411	34	62	96	0.354167
chr2	12165363	38	32	70	0.542857
chr2	12695656	34	41	75	0.453333
chr2	15100443	0	57	57	0
chr2	15920428	180	0	180	1
chr2	17808233	153	0	153	1
chr2	19496320	69	0	69	1
chr2	19849238	0	48	48	0
chr2	20736756	0	162	162	0
chr2	21954023	39	53	92	0.423913
chr2	22519484	0	72	72	0
chr2	23006818	80	92	172	0.465116
chr2	23345192	264	319	583	0.45283
chr2	24681456	77	107	184	0.418478
chr2	26946622	116	149	265	0.437736
chr2	28588264	0	289	289	0
chr2	30388303	37	70	107	0.345794
chr2	31517592	90	130	220	0.409091
chr2	32895343	40	30	70	0.571429
chr2	33723681	34	56	90	0.377778
chr2	34178029	0	48	48	0
chr2	35784219	64	0	64	1
chr2	36378161	31	50	81	0.382716
chr2	37027872	0	62	62	0
chr2	37950382	102	1	103	0.990291
chr2	38516739	76	117	193	0.393782
chr2	40837251	0	86	86	0
chr2	43968670	61	94	155	0.393548
chr2	44832107	253	0	253	1
chr2	45545586	139	0	139	1
chr2	46144075	215	241	456	0.471491
chr2	48367456	53	71	124	0.427419
chr2	49166243	30	46	76	0.394737
chr2	49333391	0	89	89	0
chr2	50149549	0	74	74	0
chr2	51202783	32	29	61	0.52459
chr2	52896288	83	0	83	1
chr2	53402183	0	103	103	0
chr2	54714814	0	135	135	0
chr2	55905141	64	0	64	1
chr2	56523074	0	79	79	0
chr2	58353883	0	115	115	0
chr2	59592410	43	0	43	1
chr2	60054473	21	70	91	0.230769
chr2	60258026	33	49	82	0.402439
chr2	60443342	0	187	187	0
chr2	64167283	0	182	182	0
chr2	65078365	279	0	279	1
chr2	65677106	157	0	157	1
chr2	66072886	45	57	102	0.441176
chr2	66844950	14	59	73	0.191781
chr2	67801619	37	65	102	0.362745
chr2	68116888	0	324	324	0
chr2	70200325	0	423	423	0
chr2	70646303	0	200	200	0
chr2	72007962	0	161	161	0
chr2	75140077	0	97	97	0
chr2	75917556	70	100	170	0.411765
chr2	78480641	31	42	73	0.424658
chr2	79071238	37	47	84	0.440476
chr2	79917702	60	87	147	0.408163
chr2	80686725	34	81	115	0.295652
chr2	85094623	159	0	159	1
chr2	85737709	285	0	285	1
chr2	88460447	65	84	149	0.436242
chr2	100208905	0	177	177	0
chr2	101301049	0	389	389	0
chr2	102394777	0	97	97	0
chr2	103541545	30	0	30	1
chr2	105363049	0	181	181	0
chr2	105839931	235	302	537	0.437616
chr2	108329722	26	50	76	0.342105
chr2	110951600	44	38	82	0.536585
chr2	113033616	95	131	226	0.420354
chr2	114281677	0	90	90	0
chr2	115911738	46	0	46	1
chr2	117774741	0	254	254	0
chr2	118585387	0	230	230	0
chr2	118940481	92	142	234	0.393162
chr2	120551706	184	0	184	1
chr2	121161239	24	49	73	0.328767
chr2	121890168	0	661	661	0
chr2	122937344	0	113	113	0
chr2	124137051	55	35	90	0.611111
chr2	125082015	141	0	141	1
chr2	126049176	41	35	76	0.539474
chr2	126821168	73	0	73	1
chr2	128800036	128	162	290	0.441379
chr2	129513937	36	0	36	1
chr2	132609636	0	197	197	0
chr2	133022749	0	167	167	0
chr2	133893655	100	92	192	0.520833
chr2	134479622	77	106	183	0.420765
chr2	136918548	35	51	86	0.406977
chr2	138768435	77	0	77	1
chr2	140067499	81	0	81	1
chr2	141021027	52	61	113	0.460177
chr2	141989099	0	90	90	0
chr2	143629300	29	22	51	0.568627
chr2	147100534	39	56	95	0.410526
chr2	149146029	119	1	120	0.991667
chr2	150495413	45	23	68	0.661765
chr2	152608066	92	0	92	1
chr2	153142511	0	89	89	0
chr2	154807211	96	1	97	0.989691
chr2	156461303	0	231	231	0
chr2	159529749	55	74	129	0.426357
chr2	160857481	37	50	87	0.425287
chr2	164493392	39	0	39	1
chr2	166379956	0	64	64	0
chr2	168129365	26	45	71	0.366197
chr2	169151996	39	37	76	0.513158
chr2	170111904	139	0	139	1
chr2	171598423	75	0	75	1
chr2	172906158	61	66	127	0.480315
chr2	174719251	116	135	251	0.462151
chr2	175906820	0	9	9	0
chr2	176863513	61	0	61	1
chr2	177065461	71	0	71	1
chr2	177989461	27	51	78	0.346154
chr2	178374341	36	38	74	0.486486
chr2	180495438	0	281	281	0
chr2	182616715	0	74	74	0
chr2	186400259	84	0	84	1
chr2	191770774	0	152	152	0
chr2	196219365	0	133	133	0
chr2	198037506	59	38	97	0.608247
chr2	199193219	16	27	43	0.372093
chr2	200266505	60	48	108	0.555556
chr2	200743645	378	0	378	1
chr2	203040995	46	65	111	0.414414
chr2	205223355	24	29	53	0.45283
chr2	206588530	48	41	89	0.539326
chr2	208106283	114	0	114	1
chr2	209983748	44	48	92	0.478261
chr2	212934271	141	0	141	1
chr2	214764036	52	87	139	0.374101
chr2	215612449	149	0	149	1
chr2	216965941	82	105	187	0.438503
chr2	217470061	0	108	108	0
chr2	219363649	110	0	110	1
chr2	220202970	43	56	99	0.434343
chr2	221318774	69	0	69	1
chr2	222100580	81	1	82	0.987805
chr2	223824522	88	183	271	0.324723
chr2	225110247	43	56	99	0.434343
chr2	226528144	28	45	73	0.383562
chr2	227957679	89	0	89	1
chr2	230616483	187	257	444	0.421171
chr2	232656232	130	152	282	0.460993
chr2	233290891	154	0	154	1
chr2	234230854	34	36	70	0.485714
chr2	234618855	86	0	86	1
chr2	236735556	68	92	160	0.425
chr2	238219476	118	128	246	0.479675
chr2	238701646	0	507	507	0
chr2	239437437	91	125	216	0.421296
chr2	240982765	438	0	438	1
chr3	127005	57	67	124	0.459677
chr3	298757	50	63	113	0.442478
chr3	1500614	25	45	70	0.357143
chr3	2029162	31	48	79	0.392405
chr3	3051682	77	0	77	1
chr3	3377451	72	0	72	1
chr3	4559835	92	0	92	1
chr3	5071621	0	174	174	0
chr3	6183185	0	97	97	0
chr3	6872450	43	94	137	0.313869
chr3	7679345	44	39	83	0.53012
chr3	8098092	56	62	118	0.474576
chr3	8527270	38	48	86	0.44186
chr3	10632623	0	489	489	0
chr3	11088481	239	1	240	0.995833
chr3	12715447	49	84	133	0.368421
chr3	13390388	567	1	568	0.998239
chr3	14410329	327	0	327	1
chr3	14619913	449	1	450	0.997778
chr3	15152629	58	62	120	0.483333
chr3	15968969	117	0	117	1
chr3	17029090	227	0	227	1
chr3	18324956	66	0	66	1
chr3	20071613	0	161	161	0
chr3	21018309	44	60	104	0.423077
chr3	21582139	0	78	78	0
chr3	21704144	0	66	66	0
chr3	22106215	82	0	82	1
chr3	23727375	102	137	239	0.426778
chr3	25001355	25	37	62	0.403226
chr3	25182300	34	51	85	0.4
chr3	26490292	20	32	52	0.384615
chr3	27970137	54	84	138	0.391304
chr3	29217260	0	79	79	0
chr3	30529227	21	51	72	0.291667
chr3	32353476	98	93	191	0.513089
chr3	33709526	96	0	96	1
chr3	34838539	28	61	89	0.314607
chr3	35743804	43	0	43	1
chr3	36428815	82	0	82	1
chr3	37228850	0	97	97	0
chr3	38085149	0	684	684	0
chr3	38844688	0	185	185	0
chr3	40978397	48	55	103	0.466019
chr3	41085724	211	0	211	1
chr3	41313041	22	35	57	0.385965
chr3	42278587	128	0	128	1
chr3	43029274	168	199	367	0.457766
chr3	45565035	20	0	20	1
chr3	47501899	122	131	253	0.482213
chr3	49619356	0	137	137	0
chr3	53633612	63	91	154	0.409091
chr3	54126879	110	0	110	1
chr3	54974719	42	62	104	0.403846
chr3	54974719	0	115	115	0
chr3	56018811	0	91	91	0
chr3	57025342	82	117	199	0.41206
chr3	58639043	70	84	154	0.454545
chr3	59680883	0	182	182	0
chr3	60175919	65	76	141	0.460993
chr3	60509320	28	51	79	0.35443
chr3	60795146	24	54	78	0.307692
chr3	61764638	52	73	125	0.416
chr3	62845098	33	48	81	0.407407
chr3	64121009	0	272	272	0
chr3	64453119	34	45	79	0.43038
chr3	65321291	32	40	72	0.444444
chr3	67286283	27	37	64	0.421875
chr3	69225163	55	100	155	0.354839
chr3	69629282	31	31	62	0.5
chr3	70758510	29	41	70	0.414286
chr3	71990638	46	77	123	0.373984
chr3	72633168	0	228	228	0
chr3	73536298	94	91	185	0.508108
chr3	74458520	26	35	61	0.42623
chr3	74787223	54	0	54	1
chr3	76933603	0	86	86	0
chr3	77606667	47	0	47	1
chr3	79636444	0	74	74	0
chr3	80791502	65	80	145	0.448276
chr3	81955937	83	0	83	1
chr3	83502499	227	0	227	1
chr3	87064372	31	31	62	0.5
chr3	94099622	70	0	70	1
chr3	95579583	35	80	115	0.304348
chr3	97916487	24	43	67	0.358209
chr3	98743681	207	0	207	1
chr3	100195295	49	65	114	0.429825
chr3	101458800	70	0	70	1
chr3	102565887	23	30	53	0.433962
chr3	105048611	45	0	45	1
chr3	106370380	44	68	112	0.392857
chr3	107466627	62	0	62	1
chr3	111332603	50	52	102	0.490196
chr3	112336946	0	78	78	0
chr3	113130407	53	48	101	0.524752
chr3	115500205	0	74	74	0
chr3	115932011	0	88	88	0
chr3	117111765	36	40	76	0.473684
chr3	117873501	134	159	293	0.457338
chr3	119145151	37	38	75	0.493333
chr3	120561929	0	179	179	0
chr3	123905405	113	0	113	1
chr3	124886011	169	164	333	0.507508
chr3	126204542	43	67	110	0.390909
chr3	126497373	146	197	343	0.425656
chr3	128470729	220	247	467	0.471092
chr3	131716534	98	130	228	0.429825
chr3	132983367	72	43	115	0.626087
chr3	134012088	317	0	317	1
chr3	135526920	26	40	66	0.393939
chr3	137041756	56	54	110	0.509091
chr3	137690413	367	0	367	1
chr3	138681490	83	99	182	0.456044
chr3	139634822	37	55	92	0.402174
chr3	140758814	278	0	278	1
chr3	143130265	127	0	127	1
chr3	143754600	112	0	112	1
chr3	144973320	0	134	134	0
chr3	146223175	9	50	59	0.152542
chr3	147744009	41	53	94	0.43617
chr3	149531942	191	0	191	1
chr3	151003647	62	0	62	1
chr3	152377582	169	0	169	1
chr3	154998568	32	38	70	0.457143
chr3	156510725	134	191	325	0.412308
chr3	158312454	17	53	70	0.242857
chr3	161343292	57	71	128	0.445312
chr3	162023494	0	87	87	0
chr3	166444114	141	0	141	1
chr3	167495698	20	46	66	0.30303
chr3	169137845	87	0	87	1
chr3	171204265	56	77	133	0.421053
chr3	171957206	59	137	196	0.30102
chr3	171957206	0	226	226	0
chr3	172459974	37	44	81	0.45679
chr3	176091400	0	74	74	0
chr3	177650701	42	51	93	0.451613
chr3	178853377	34	42	76	0.447368
chr3	181941571	62	64	126	0.492063
chr3	184043876	104	129	233	0.446352
chr3	184737247	146	176	322	0.453416
chr3	186447933	100	96	196	0.510204
chr3	187301604	44	65	109	0.40367
chr3	188161812	0	99	99	0
chr3	189238508	59	0	59	1
chr3	189732778	91	0	91	1
chr3	191036395	37	38	75	0.493333
chr3	191451235	49	92	141	0.347518
chr3	192365825	19	60	79	0.240506
chr3	193342888	43	34	77	0.558442
chr3	193719863	188	1	189	0.994709
chr3	194512024	200	0	200	1
chr3	194974578	145	148	293	0.494881
chr3	196620566	0	407	407	0
chr4	1064570	94	0	94	1
chr4	3711872	0	555	555	0
chr4	4610092	125	141	266	0.469925
chr4	5859179	176	0	176	1
chr4	6593651	0	541	541	0
chr4	7379081	327	1	328	0.996951
chr4	9858352	0	142	142	0
chr4	10234518	117	0	117	1
chr4	10686460	158	240	398	0.396985
chr4	11155121	67	0	67	1
chr4	12295419	0	137	137	0
chr4	13002281	0	74	74	0
chr4	14408592	45	61	106	0.424528
chr4	15912383	44	106	150	0.293333
chr4	16607054	54	0	54	1
chr4	16865384	197	203	400	0.4925
chr4	17144155	44	0	44	1
chr4	18380589	37	43	80	0.4625
chr4	19786640	0	85	85	0
chr4	21268735	22	45	67	0.328358
chr4	24232451	23	47	70	0.328571
chr4	25062046	0	124	124	0
chr4	25491494	43	44	87	0.494253
chr4	26178154	104	127	231	0.450216
chr4	27639617	0	140	140	0
chr4	28236376	34	31	65	0.523077
chr4	28921899	33	36	69	0.478261
chr4	31865502	38	0	38	1
chr4	36083036	48	73	121	0.396694
chr4	37043998	44	54	98	0.44898
chr4	37867184	30	76	106	0.283019
chr4	38382012	0	101	101	0
chr4	38911000	119	118	237	0.50211
chr4	40702670	56	60	116	0.482759
chr4	41097204	0	78	78	0
chr4	44620818	0	43	43	0
chr4	44992586	63	1	64	0.984375
chr4	46327869	37	55	92	0.402174
chr4	47287954	71	96	167	0.42515
chr4	52299444	36	57	93	0.387097
chr4	53191935	108	0	108	1
chr4	54639193	0	55	55	0
chr4	56649581	37	62	99	0.373737
chr4	57834508	25	45	70	0.357143
chr4	58379456	45	58	103	0.436893
chr4	60885591	67	0	67	1
chr4	64643239	32	30	62	0.516129
chr4	66597774	61	82	143	0.426573
chr4	69129296	136	153	289	0.470588
chr4	74630505	0	133	133	0
chr4	75289704	0	123	123	0
chr4	75824440	87	102	189	0.460317
chr4	76593824	40	56	96	0.416667
chr4	77240690	115	174	289	0.397924
chr4	79649254	28	42	70	0.4
chr4	81750016	0	94	94	0
chr4	83657554	52	35	87	0.597701
chr4	85180618	31	38	69	0.449275
chr4	86337853	41	47	88	0.465909
chr4	89009241	37	47	84	0.440476
chr4	90234629	0	218	218	0
chr4	91560923	0	92	92	0
chr4	93432389	28	36	64	0.4375
chr4	94332112	0	149	149	0
chr4	94853950	44	39	83	0.53012
chr4	95595159	0	120	120	0
chr4	96544198	0	68	68	0
chr4	98630554	0	109	109	0
chr4	101726406	28	46	74	0.378378
chr4	104380885	0	107	107	0
chr4	105430948	70	0	70	1
chr4	108706808	58	75	133	0.43609
chr4	110662178	104	0	104	1
chr4	112275389	90	160	250	0.36
chr4	113433086	0	106	106	0
chr4	114400863	36	42	78	0.461538
chr4	116740381	35	32	67	0.522388
chr4	117153080	90	0	90	1
chr4	120872357	30	61	91	0.32967
chr4	121776695	37	44	81	0.45679
chr4	123738044	99	111	210	0.471429
chr4	128544334	0	160	160	0
chr4	129638250	36	58	94	0.382979
chr4	132051135	12	31	43	0.27907
chr4	133059419	25	35	60	0.416667
chr4	135532411	63	0	63	1
chr4	137064390	0	100	100	0
chr4	137492090	87	0	87	1
chr4	138106280	116	1	117	0.991453
chr4	139672154	87	99	186	0.467742
chr4	141177319	24	52	76	0.315789
chr4	144104897	0	56	56	0
chr4	144722334	85	0	85	1
chr4	146041879	33	64	97	0.340206
chr4	148525973	43	60	103	0.417476
chr4	150024651	0	111	111	0
chr4	152004703	68	80	148	0.459459
chr4	153798568	70	0	70	1
chr4	155012601	53	27	80	0.6625
chr4	155487521	103	0	103	1
chr4	156459877	0	83	83	0
chr4	159636261	0	81	81	0
chr4	161314633	68	0	68	1
chr4	163525851	49	64	113	0.433628
chr4	165398550	50	41	91	0.549451
chr4	166738034	0	97	97	0
chr4	168477611	0	129	129	0
chr4	169897464	34	50	84	0.404762
chr4	172662935	40	47	87	0.45977
chr4	174030889	27	0	27	1
chr4	174819418	47	0	47	1
chr4	177505645	329	0	329	1
chr4	178554175	39	64	103	0.378641
chr4	179361733	30	45	75	0.4
chr4	180117197	41	0	41	1
chr4	180801624	34	43	77	0.441558
chr4	181849709	50	0	50	1
chr4	184260123	393	0	393	1
chr4	185850501	0	111	111	0
chr4	186021226	100	88	188	0.531915
chr4	187192871	66	94	160	0.4125
chr4	187731152	0	95	95	0
chr4	188911496	0	185	185	0
chr5	1348683	218	228	446	0.488789
chr5	2394740	172	1	173	0.99422
chr5	2732759	104	146	250	0.416
chr5	3285412	94	0	94	1
chr5	4063960	129	156	285	0.452632
chr5	4660789	57	1	58	0.982759
chr5	5621379	36	39	75	0.48
chr5	5760378	117	0	117	1
chr5	6256551	59	73	132	0.44697
chr5	6748405	450	0	450	1
chr5	7852169	0	174	174	0
chr5	8320847	70	0	70	1
chr5	9269134	0	101	101	0
chr5	10035057	73	95	168	0.434524
chr5	10877031	94	106	200	0.47
chr5	11584230	0	57	57	0
chr5	13695026	71	0	71	1
chr5	13888016	91	0	91	1
chr5	15560728	0	87	87	0
chr5	16656694	36	57	93	0.387097
chr5	17423893	54	51	105	0.514286
chr5	18981088	0	67	67	0
chr5	19807549	0	52	52	0
chr5	21206475	0	85	85	0
chr5	23871937	70	0	70	1
chr5	25402716	25	36	61	0.409836
chr5	26856152	23	31	54	0.425926
chr5	27803392	31	37	68	0.455882
chr5	30941115	119	0	119	1
chr5	31353113	21	38	59	0.355932
chr5	31646403	58	70	128	0.453125
chr5	31940329	371	0	371	1
chr5	33298857	33	44	77	0.428571
chr5	34865423	56	52	108	0.518519
chr5	37695641	31	63	94	0.329787
chr5	38667586	102	0	102	1
chr5	40233235	55	0	55	1
chr5	40929492	0	109	109	0
chr5	43369791	89	151	240	0.370833
chr5	50867251	46	0	46	1
chr5	52726879	48	51	99	0.484848
chr5	53552763	79	1	80	0.9875
chr5	54669867	35	34	69	0.507246
chr5	57411036	66	95	161	0.409938
chr5	59912971	33	45	78	0.423077
chr5	62488562	60	74	134	0.447761
chr5	63802809	0	95	95	0
chr5	65286225	82	0	82	1
chr5	65882062	47	0	47	1
chr5	66510026	114	1	115	0.991304
chr5	67217498	55	76	131	0.419847
chr5	68789680	45	59	104	0.432692
chr5	69343114	0	148	148	0
chr5	71589711	38	81	119	0.319328
chr5	73153017	85	105	190	0.447368
chr5	73816561	0	128	128	0
chr5	74127859	0	253	253	0
chr5	75885923	52	59	111	0.468468
chr5	76546510	127	195	322	0.39441
chr5	78490941	174	1	175	0.994286
chr5	78620482	247	0	247	1
chr5	80076584	75	106	181	0.414365
chr5	81738741	116	138	254	0.456693
chr5	82968127	197	0	197	1
chr5	85591025	135	0	135	1
chr5	88708799	103	0	103	1
chr5	89078221	57	57	114	0.5
chr5	91643937	21	20	41	0.512195
chr5	92818872	42	49	91	0.461538
chr5	94431786	82	0	82	1
chr5	96902697	99	0	99	1
chr5	98403340	64	67	131	0.48855
chr5	99816968	45	0	45	1
chr5	101276327	0	98	98	0
chr5	103517136	0	110	110	0
chr5	104862558	70	0	70	1
chr5	107513294	50	67	117	0.42735
chr5	107845483	28	43	71	0.394366
chr5	109502535	35	45	80	0.4375
chr5	111889633	33	75	108	0.305556
chr5	113038021	0	154	154	0
chr5	114797604	40	61	101	0.39604
chr5	115413799	182	0	182	1
chr5	116640267	90	0	90	1
chr5	116878544	13	46	59	0.220339
chr5	118160727	58	0	58	1
chr5	118689098	104	0	104	1
chr5	120033373	44	48	92	0.478261
chr5	122741175	41	79	120	0.341667
chr5	125142784	53	70	123	0.430894
chr5	126135709	58	88	146	0.39726
chr5	127278893	105	0	105	1
chr5	129859240	0	108	108	0
chr5	132233934	185	191	376	0.492021
chr5	133550050	45	43	88	0.511364
chr5	133828105	0	458	458	0
chr5	133989167	257	0	257	1
chr5	136076506	141	0	141	1
chr5	137235723	62	101	163	0.380368
chr5	137484886	0	118	118	0
chr5	140595881	0	119	119	0
chr5	141149139	72	0	72	1
chr5	142206735	189	0	189	1
chr5	143696951	71	72	143	0.496503
chr5	145113344	35	34	69	0.507246
chr5	147310222	47	79	126	0.373016
chr5	149256533	42	44	86	0.488372
chr5	151047307	66	77	143	0.461538
chr5	151669843	117	128	245	0.477551
chr5	153657654	56	65	121	0.46281
chr5	155508583	0	67	67	0
chr5	157270644	139	1	140	0.992857
chr5	159043055	104	0	104	1
chr5	159697566	33	34	67	0.492537
chr5	160793585	116	0	116	1
chr5	163173912	42	68	110	0.381818
chr5	164531487	26	52	78	0.333333
chr5	165833956	42	36	78	0.538462
chr5	167316697	0	74	74	0
chr5	168114143	50	41	91	0.549451
chr5	168816742	0	157	157	0
chr5	169648637	255	321	576	0.442708
chr5	170186977	0	118	118	0
chr5	170465776	46	68	114	0.403509
chr5	171698478	0	268	268	0
chr5	172360116	218	1	219	0.995434
chr5	173595226	0	324	324	0
chr5	175466554	113	146	259	0.436293
chr5	177445493	0	511	511	0
chr5	178430946	338	4	342	0.988304
chr5	179704142	130	163	293	0.443686
chr5	180243528	0	139	139	0
chr6	417727	0	458	458	0
chr6	1440222	171	0	171	1
chr6	2038810	40	33	73	0.547945
chr6	2608761	39	35	74	0.527027
chr6	4463901	83	113	196	0.423469
chr6	5591633	213	0	213	1
chr6	6641302	135	0	135	1
chr6	7204503	138	171	309	0.446602
chr6	8001104	38	46	84	0.452381
chr6	8899037	36	44	80	0.45
chr6	10388735	101	0	101	1
chr6	10728219	220	0	220	1
chr6	12794799	39	60	99	0.393939
chr6	14105276	68	82	150	0.453333
chr6	15035186	55	89	144	0.381944
chr6	16032202	143	170	313	0.456869
chr6	17019195	33	40	73	0.452055
chr6	17878987	37	36	73	0.506849
chr6	18930329	43	41	84	0.511905
chr6	20109465	0	239	239	0
chr6	20970795	124	154	278	0.446043
chr6	21994515	24	38	62	0.387097
chr6	23002103	41	58	99	0.414141
chr6	24692847	78	96	174	0.448276
chr6	25885324	86	0	86	1
chr6	29210737	0	104	104	0
chr6	29552071	0	113	113	0
chr6	31241268	131	0	131	1
chr6	32770338	76	53	129	0.589147
chr6	33827351	0	384	384	0
chr6	35745710	120	182	302	0.397351
chr6	37604368	39	70	109	0.357798
chr6	38432184	61	64	125	0.488
chr6	39734560	150	2	152	0.986842
chr6	40459540	114	0	114	1
chr6	41652139	524	1	525	0.998095
chr6	43429118	92	124	216	0.425926
chr6	44677999	0	225	225	0
chr6	46174702	38	57	95	0.4
chr6	48180600	36	32	68	0.529412
chr6	49686453	0	208	208	0
chr6	50678462	26	56	82	0.317073
chr6	52026755	108	0	108	1
chr6	52467141	71	115	186	0.38172
chr6	54723271	26	27	53	0.490566
chr6	56063221	52	1	53	0.981132
chr6	58258968	25	28	53	0.471698
chr6	61829844	0	89	89	0
chr6	62712100	41	0	41	1
chr6	63483202	114	134	248	0.459677
chr6	64778133	69	0	69	1
chr6	67190746	15	35	50	0.3
chr6	68865911	46	54	100	0.46
chr6	69679759	36	60	96	0.375
chr6	70846863	207	0	207	1
chr6	72939688	38	57	95	0.4
chr6	75482328	84	0	84	1
chr6	76875300	77	61	138	0.557971
chr6	78949453	30	42	72	0.416667
chr6	81594496	65	0	65	1
chr6	82442976	0	126	126	0
chr6	84594464	28	46	74	0.378378
chr6	86639445	59	0	59	1
chr6	87274668	0	172	172	0
chr6	88183791	48	61	109	0.440367
chr6	90945394	36	51	87	0.413793
chr6	91625332	68	3	71	0.957746
chr6	92846035	67	0	67	1
chr6	93593311	78	0	78	1
chr6	94357244	26	46	72	0.361111
chr6	98028775	66	0	66	1
chr6	99021066	0	252	252	0
chr6	100145146	0	106	106	0
chr6	102838585	93	131	224	0.415179
chr6	105900703	75	59	134	0.559701
chr6	106703647	150	0	150	1
chr6	109370985	0	165	165	0
chr6	110482811	0	84	84	0
chr6	111603207	204	173	377	0.541114
chr6	113448820	56	1	57	0.982456
chr6	114095783	60	0	60	1
chr6	117118767	35	42	77	0.454545
chr6	118452446	35	53	88	0.397727
chr6	120837829	21	45	66	0.318182
chr6	122875195	291	0	291	1
chr6	124879855	230	0	230	1
chr6	126649749	48	54	102	0.470588
chr6	127615701	0	104	104	0
chr6	129661140	74	64	138	0.536232
chr6	130187831	0	100	100	0
chr6	130867172	27	62	89	0.303371
chr6	131819063	43	69	112	0.383929
chr6	133850341	38	38	76	0.5
chr6	134552849	44	50	94	0.468085
chr6	135327875	80	124	204	0.392157
chr6	136932396	140	0	140	1
chr6	137658834	0	147	147	0
chr6	138982928	0	225	225	0
chr6	141573398	74	0	74	1
chr6	142987742	88	0	88	1
chr6	144277848	0	135	135	0
chr6	146578896	57	64	121	0.471074
chr6	147296177	0	368	368	0
chr6	147652705	24	51	75	0.32
chr6	150614420	0	172	172	0
chr6	152086991	27	51	78	0.346154
chr6	153087573	0	168	168	0
chr6	153551873	31	39	70	0.442857
chr6	154436179	201	244	445	0.451685
chr6	154925584	237	0	237	1
chr6	155328521	0	21	21	0
chr6	155998755	0	69	69	0
chr6	157022485	0	416	416	0
chr6	158257838	120	164	284	0.422535
chr6	160154170	72	50	122	0.590164
chr6	161535643	62	0	62	1
chr6	162003547	19	39	58	0.327586
chr6	162331661	20	39	59	0.338983
chr6	162499341	33	30	63	0.52381
chr6	162885048	88	0	88	1
chr6	164585508	33	0	33	1
chr6	166238093	103	0	103	1
chr6	167096390	491	0	491	1
chr6	167711355	210	207	417	0.503597
chr6	168947415	40	41	81	0.493827
chr6	169343402	125	0	125	1
chr7	1490800	270	0	270	1
chr7	3180654	0	177	177	0
chr7	3456400	0	85	85	0
chr7	4566231	35	49	84	0.416667
chr7	8385646	41	78	119	0.344538
chr7	8975978	13	40	53	0.245283
chr7	10836267	41	0	41	1
chr7	11712502	26	41	67	0.38806
chr7	12970570	76	0	76	1
chr7	14551727	33	53	86	0.383721
chr7	15007655	34	44	78	0.435897
chr7	16021383	0	81	81	0
chr7	16653497	28	77	105	0.266667
chr7	17132114	0	143	143	0
chr7	17488397	0	160	160	0
chr7	18193835	0	91	91	0
chr7	18965454	0	105	105	0
chr7	21052312	58	0	58	1
chr7	22112350	0	219	219	0
chr7	24382449	82	134	216	0.37963
chr7	25396026	0	305	305	0
chr7	26577486	0	119	119	0
chr7	28439006	0	136	136	0
chr7	29237076	45	62	107	0.420561
chr7	31434546	0	144	144	0
chr7	31773771	122	0	122	1
chr7	32203748	49	59	108	0.453704
chr7	34190758	131	154	285	0.459649
chr7	34500948	48	48	96	0.5
chr7	35367534	64	82	146	0.438356
chr7	36229675	263	0	263	1
chr7	37338632	69	73	142	0.485915
chr7	38814344	132	206	338	0.390533
chr7	39622669	118	175	293	0.40273
chr7	40110688	0	211	211	0
chr7	40787163	20	69	89	0.224719
chr7	41028183	0	134	134	0
chr7	41935125	59	53	112	0.526786
chr7	42651004	220	0	220	1
chr7	43332253	0	296	296	0
chr7	45590246	205	0	205	1
chr7	47210633	88	1	89	0.988764
chr7	48704339	56	68	124	0.451613
chr7	49721766	0	129	129	0
chr7	50477395	409	0	409	1
chr7	50641953	276	325	601	0.459235
chr7	51102315	0	64	64	0
chr7	52450965	34	35	69	0.492754
chr7	53349297	78	0	78	1
chr7	53900143	0	140	140	0
chr7	57249209	40	0	40	1
chr7	66651069	0	390	390	0
chr7	68538205	67	89	156	0.429487
chr7	70667961	0	372	372	0
chr7	71834802	0	118	118	0
chr7	75693231	123	180	303	0.405941
chr7	77915787	0	181	181	0
chr7	80070495	0	120	120	0
chr7	81235204	39	54	93	0.419355
chr7	82248709	0	311	311	0
chr7	83227882	29	38	67	0.432836
chr7	87251144	0	96	96	0
chr7	88812250	48	0	48	1
chr7	90214246	76	84	160	0.475
chr7	91191315	0	88	88	0
chr7	93595806	50	52	102	0.490196
chr7	94855025	96	0	96	1
chr7	95989761	158	0	158	1
chr7	96910559	37	38	75	0.493333
chr7	98352791	80	113	193	0.414508
chr7	101364496	62	98	160	0.3875
chr7	103734592	79	0	79	1
chr7	104665314	34	42	76	0.447368
chr7	105879378	82	114	196	0.418367
chr7	106696365	37	64	101	0.366337
chr7	107850433	99	99	198	0.5
chr7	109020679	33	39	72	0.458333
chr7	110433492	61	0	61	1
chr7	111019999	151	0	151	1
chr7	112129475	69	0	69	1
chr7	115316004	30	37	67	0.447761
chr7	117949154	108	139	247	0.437247
chr7	121021797	73	0	73	1
chr7	122457004	36	47	83	0.433735
chr7	123604956	47	86	133	0.353383
chr7	125640029	0	113	113	0
chr7	127549548	29	60	89	0.325843
chr7	128263486	128	0	128	1
chr7	128979361	65	64	129	0.503876
chr7	130305154	110	0	110	1
chr7	131410549	36	71	107	0.336449
chr7	132578836	89	106	195	0.45641
chr7	133051171	74	109	183	0.404372
chr7	134235691	71	0	71	1
chr7	134667005	0	124	124	0
chr7	135798303	100	98	198	0.505051
chr7	136254537	42	47	89	0.47191
chr7	137048012	73	1	74	0.986486
chr7	138812480	0	327	327	0
chr7	139892061	0	220	220	0
chr7	141264475	47	60	107	0.439252
chr7	141720464	71	67	138	0.514493
chr7	143384934	184	235	419	0.439141
chr7	144744659	27	40	67	0.402985
chr7	146656933	37	39	76	0.486842
chr7	147488245	34	45	79	0.43038
chr7	147941631	60	0	60	1
chr7	149267936	468	0	468	1
chr7	151512688	0	182	182	0
chr7	151766426	0	207	207	0
chr7	153153039	53	38	91	0.582418
chr7	153765721	76	76	152	0.5
chr7	154489441	69	0	69	1
chr7	155183735	237	0	237	1
chr7	155879955	194	0	194	1
chr7	157319910	137	190	327	0.41896
chr7	158421256	88	120	208	0.423077
chr8	656117	0	571	571	0
chr8	1083625	63	47	110	0.572727
chr8	1545518	33	53	86	0.383721
chr8	3648176	13	32	45	0.288889
chr8	4022361	65	1	66	0.984848
chr8	4359782	53	43	96	0.552083
chr8	4604868	67	0	67	1
chr8	5266686	41	46	87	0.471264
chr8	5476638	89	73	162	0.549383
chr8	5935537	0	60	60	0
chr8	6214919	0	236	236	0
chr8	6902620	149	116	265	0.562264
chr8	9044914	0	497	497	0
chr8	10124176	118	0	118	1
chr8	10520895	275	0	275	1
chr8	11247795	112	1	113	0.99115
chr8	12858288	50	62	112	0.446429
chr8	13929592	0	105	105	0
chr8	14950963	68	0	68	1
chr8	15996215	36	49	85	0.423529
chr8	16655845	54	0	54	1
chr8	17528870	51	58	109	0.46789
chr8	18358102	42	45	87	0.482759
chr8	18986188	36	0	36	1
chr8	19835270	51	0	51	1
chr8	20419255	0	134	134	0
chr8	21410779	74	110	184	0.402174
chr8	23096692	0	383	383	0
chr8	23838777	29	46	75	0.386667
chr8	25686752	92	0	92	1
chr8	26760387	111	125	236	0.470339
chr8	27765692	0	114	114	0
chr8	28451077	49	61	110	0.445455
chr8	32124765	28	42	70	0.4
chr8	33535532	0	232	232	0
chr8	34998616	37	48	85	0.435294
chr8	37005152	93	96	189	0.492063
chr8	40024129	32	67	99	0.323232
chr8	40987687	160	192	352	0.454545
chr8	48968416	92	0	92	1
chr8	52086375	62	1	63	0.984127
chr8	55776794	0	310	310	0
chr8	56975289	46	40	86	0.534884
chr8	58170880	176	0	176	1
chr8	60621869	58	85	143	0.405594
chr8	61054738	0	282	282	0
chr8	61919613	38	50	88	0.431818
chr8	63294805	0	225	225	0
chr8	67387905	67	86	153	0.437908
chr8	69372705	23	43	66	0.348485
chr8	69710862	140	185	325	0.430769
chr8	71728285	0	107	107	0
chr8	72510979	54	59	113	0.477876
chr8	74395596	35	59	94	0.37234
chr8	76147246	34	39	73	0.465753
chr8	76925710	59	0	59	1
chr8	78007588	48	47	95	0.505263
chr8	80889304	67	75	142	0.471831
chr8	82596620	74	101	175	0.422857
chr8	83826372	71	0	71	1
chr8	86301309	79	0	79	1
chr8	87590171	42	57	99	0.424242
chr8	89590841	39	50	89	0.438202
chr8	90427998	82	86	168	0.488095
chr8	91228326	107	0	107	1
chr8	91944823	0	135	135	0
chr8	93399653	0	113	113	0
chr8	94524715	113	138	251	0.450199
chr8	95038329	46	49	95	0.484211
chr8	96181902	0	100	100	0
chr8	97302766	134	0	134	1
chr8	97948678	38	55	93	0.408602
chr8	100082913	51	0	51	1
chr8	100995473	86	0	86	1
chr8	101295945	85	0	85	1
chr8	102541475	141	173	314	0.449045
chr8	105994734	28	34	62	0.451613
chr8	106934444	43	52	95	0.452632
chr8	109209514	57	59	116	0.491379
chr8	112193542	191	0	191	1
chr8	113027662	80	0	80	1
chr8	115112462	63	83	146	0.431507
chr8	117719230	31	36	67	0.462687
chr8	118455556	0	144	144	0
chr8	119677458	98	0	98	1
chr8	120818055	47	35	82	0.573171
chr8	122173400	17	35	52	0.326923
chr8	122760595	0	263	263	0
chr8	124588403	112	0	112	1
chr8	125595222	0	495	495	0
chr8	126592814	0	112	112	0
chr8	127301255	79	119	198	0.39899
chr8	129347846	39	37	76	0.513158
chr8	130025538	0	239	239	0
chr8	131238983	53	49	102	0.519608
chr8	131707570	45	27	72	0.625
chr8	132235567	0	182	182	0
chr8	133074093	0	135	135	0
chr8	133247165	55	75	130	0.423077
chr8	133710876	127	118	245	0.518367
chr8	134170870	103	0	103	1
chr8	134621762	41	73	114	0.359649
chr8	135121814	97	0	97	1
chr8	136025915	68	0	68	1
chr8	136189423	38	62	100	0.38
chr8	137461842	18	26	44	0.409091
chr8	137863256	48	72	120	0.4
chr8	138090649	0	75	75	0
chr8	138734139	85	112	197	0.431472
chr8	139474571	107	106	213	0.502347
chr8	139632326	438	1	439	0.997722
chr8	140453804	0	252	252	0
chr8	141849153	41	75	116	0.353448
chr8	142706581	33	48	81	0.407407
chr8	144344210	216	295	511	0.422701
chr9	856658	85	119	204	0.416667
chr9	2549593	36	46	82	0.439024
chr9	2944597	0	82	82	0
chr9	4159348	0	156	156	0
chr9	5354681	0	99	99	0
chr9	6532344	77	88	165	0.466667
chr9	7116757	94	0	94	1
chr9	7463726	38	43	81	0.469136
chr9	7843141	54	0	54	1
chr9	8428856	28	37	65	0.430769
chr9	9246647	0	75	75	0
chr9	9821783	28	40	68	0.411765
chr9	10706026	39	41	80	0.4875
chr9	11419061	55	0	55	1
chr9	13064794	43	37	80	0.5375
chr9	14401282	61	35	96	0.635417
chr9	15554962	42	61	103	0.407767
chr9	16377362	89	1	90	0.988889
chr9	17016505	0	102	102	0
chr9	18117456	0	135	135	0
chr9	18496877	0	83	83	0
chr9	19386567	51	63	114	0.447368
chr9	20742211	86	0	86	1
chr9	22207256	40	44	84	0.47619
chr9	22866135	0	81	81	0
chr9	24652278	61	57	118	0.516949
chr9	25376634	55	0	55	1
chr9	26626083	69	75	144	0.479167
chr9	28158883	35	38	73	0.479452
chr9	29306967	36	44	80	0.45
chr9	30952536	0	105	105	0
chr9	31969809	33	55	88	0.375
chr9	33613047	38	34	72	0.527778
chr9	36077874	32	39	71	0.450704
chr9	36989336	0	316	316	0
chr9	38007750	0	398	398	0
chr9	38357068	0	317	317	0
chr9	68716227	114	0	114	1
chr9	69069675	243	266	509	0.477407
chr9	70589515	50	0	50	1
chr9	71217444	158	0	158	1
chr9	71993376	0	129	129	0
chr9	72535115	38	41	79	0.481013
chr9	74598350	0	112	112	0
chr9	75477863	0	117	117	0
chr9	76760455	0	149	149	0
chr9	77178497	344	0	344	1
chr9	77854831	92	0	92	1
chr9	78485083	30	41	71	0.422535
chr9	79831479	34	35	69	0.492754
chr9	80935720	23	53	76	0.302632
chr9	83478265	61	0	61	1
chr9	84204445	88	0	88	1
chr9	85513786	54	74	128	0.421875
chr9	86828111	0	95	95	0
chr9	87336265	0	177	177	0
chr9	87785994	44	59	103	0.427184
chr9	88260383	210	0	210	1
chr9	88984188	108	96	204	0.529412
chr9	89954946	0	271	271	0
chr9	90358788	0	69	69	0
chr9	92408086	111	149	260	0.426923
chr9	94572375	69	71	140	0.492857
chr9	96305931	73	71	144	0.506944
chr9	99384633	0	279	279	0
chr9	100782975	0	95	95	0
chr9	102262486	62	49	111	0.558559
chr9	103919948	93	81	174	0.534483
chr9	106434801	37	75	112	0.330357
chr9	106631970	0	98	98	0
chr9	107873068	45	64	109	0.412844
chr9	108266607	37	27	64	0.578125
chr9	108573315	0	56	56	0
chr9	109310139	46	71	117	0.393162
chr9	109750102	62	1	63	0.984127
chr9	111072231	0	163	163	0
chr9	112182226	111	0	111	1
chr9	113731758	86	0	86	1
chr9	114117725	0	245	245	0
chr9	115550473	38	63	101	0.376238
chr9	116593526	0	127	127	0
chr9	117221952	0	119	119	0
chr9	117348748	73	0	73	1
chr9	117757487	0	154	154	0
chr9	118026951	28	58	86	0.325581
chr9	119211740	53	55	108	0.490741
chr9	119461750	80	0	80	1
chr9	119664225	75	0	75	1
chr9	121240519	93	91	184	0.505435
chr9	121888332	106	134	240	0.441667
chr9	122506605	0	111	111	0
chr9	124676921	95	0	95	1
chr9	125207506	153	0	153	1
chr9	126137701	0	77	77	0
chr9	126935343	0	170	170	0
chr9	127448667	0	315	315	0
chr9	128765397	0	221	221	0
chr9	132112258	47	57	104	0.451923
chr9	134239765	220	251	471	0.467091
chr9	135497894	0	327	327	0
chr10	735184	0	213	213	0
chr10	1299067	162	146	308	0.525974
chr10	1742459	34	65	99	0.343434
chr10	2279775	0	144	144	0
chr10	2778042	67	0	67	1
chr10	3268186	0	149	149	0
chr10	4757948	35	76	111	0.315315
chr10	5991338	0	102	102	0
chr10	7255795	96	0	96	1
chr10	7983431	0	262	262	0
chr10	8394527	94	142	236	0.398305
chr10	8568964	33	75	108	0.305556
chr10	9280564	84	0	84	1
chr10	10363845	31	60	91	0.340659
chr10	10888893	35	36	71	0.492958
chr10	12884428	131	167	298	0.439597
chr10	13797729	95	162	257	0.36965
chr10	13936235	0	114	114	0
chr10	14297856	55	39	94	0.585106
chr10	15197499	88	0	88	1
chr10	16010785	30	38	68	0.441176
chr10	17212833	0	118	118	0
chr10	18612841	0	155	155	0
chr10	19716067	43	55	98	0.438776
chr10	20660519	0	67	67	0
chr10	24311079	157	0	157	1
chr10	26660008	11	28	39	0.282051
chr10	28358210	201	0	201	1
chr10	29207543	59	74	133	0.443609
chr10	29293319	39	64	103	0.378641
chr10	29830163	47	36	83	0.566265
chr10	31613873	53	92	145	0.365517
chr10	33368436	0	201	201	0
chr10	35933082	123	0	123	1
chr10	37513604	46	60	106	0.433962
chr10	43879254	287	0	287	1
chr10	44554050	162	178	340	0.476471
chr10	47250114	213	212	425	0.501176
chr10	48769837	0	403	403	0
chr10	49228818	263	292	555	0.473874
chr10	49704838	0	206	206	0
chr10	50313403	32	50	82	0.390244
chr10	51429077	41	50	91	0.450549
chr10	52793045	22	31	53	0.415094
chr10	55740103	35	33	68	0.514706
chr10	57520973	0	98	98	0
chr10	58927760	62	51	113	0.548673
chr10	59872870	51	48	99	0.515152
chr10	60590608	27	42	69	0.391304
chr10	61127984	0	86	86	0
chr10	61846733	63	68	131	0.480916
chr10	62850958	0	238	238	0
chr10	63581137	68	89	157	0.433121
chr10	64734901	80	0	80	1
chr10	65906824	47	48	95	0.494737
chr10	66976101	17	24	41	0.414634
chr10	70528546	179	0	179	1
chr10	71420353	44	76	120	0.366667
chr10	71950880	44	73	117	0.376068
chr10	73898823	0	264	264	0
chr10	75861762	30	59	89	0.337079
chr10	76467931	37	48	85	0.435294
chr10	76652627	0	93	93	0
chr10	77144770	36	53	89	0.404494
chr10	77552356	0	264	264	0
chr10	78110427	0	103	103	0
chr10	78676112	0	116	116	0
chr10	79074928	504	0	504	1
chr10	80153805	268	0	268	1
chr10	80717501	72	77	149	0.483221
chr10	82856870	67	91	158	0.424051
chr10	83556706	117	0	117	1
chr10	84132455	57	50	107	0.53271
chr10	84800638	129	0	129	1
chr10	85082464	57	0	57	1
chr10	85621961	41	50	91	0.450549
chr10	87582637	60	0	60	1
chr10	89074916	36	54	90	0.4
chr10	91174970	53	50	103	0.514563
chr10	93255181	0	121	121	0
chr10	93643216	87	92	179	0.486034
chr10	94135370	72	0	72	1
chr10	95487859	66	2	68	0.970588
chr10	96224195	172	204	376	0.457447
chr10	97810576	39	70	109	0.357798
chr10	98338125	129	154	283	0.45583
chr10	98590581	145	0	145	1
chr10	99619166	78	85	163	0.478528
chr10	101437962	77	110	187	0.411765
chr10	104508525	31	41	72	0.430556
chr10	106026315	45	33	78	0.576923
chr10	107060211	80	0	80	1
chr10	109724451	108	0	108	1
chr10	110747549	113	106	219	0.515982
chr10	111410322	0	259	259	0
chr10	111445882	0	181	181	0
chr10	111829873	0	108	108	0
chr10	112046623	91	0	91	1
chr10	112342914	154	168	322	0.478261
chr10	114079857	131	0	131	1
chr10	116228034	47	46	93	0.505376
chr10	117619576	0	218	218	0
chr10	118272440	49	62	111	0.441441
chr10	119177189	266	265	531	0.500942
chr10	119711355	139	155	294	0.472789
chr10	120115479	41	67	108	0.37963
chr10	120722378	58	82	140	0.414286
chr10	121391565	52	51	103	0.504854
chr10	122479194	259	1	260	0.996154
chr10	123423467	112	141	253	0.442688
chr10	123966512	109	155	264	0.412879
chr10	125907536	46	47	93	0.494624
chr10	126648559	37	53	90	0.411111
chr10	127681945	57	0	57	1
chr10	128460194	493	0	493	1
chr10	129494881	82	0	82	1
chr10	130343128	46	50	96	0.479167
chr10	130872385	25	58	83	0.301205
chr10	131236421	152	234	386	0.393782
chr10	131777635	84	0	84	1
chr10	132482140	103	107	210	0.490476
chr11	3238248	0	112	112	0
chr11	4548383	0	111	111	0
chr11	5475581	96	0	96	1
chr11	5933579	54	97	151	0.357616
chr11	6532839	56	95	151	0.370861
chr11	7882458	133	186	319	0.416928
chr11	8221479	253	267	520	0.486538
chr11	8441172	54	60	114	0.473684
chr11	10390170	63	46	109	0.577982
chr11	10993405	143	0	143	1
chr11	11623053	0	253	253	0
chr11	12352304	80	77	157	0.509554
chr11	13140768	0	442	442	0
chr11	13324046	263	0	263	1
chr11	14064911	128	0	128	1
chr11	15311885	124	0	124	1
chr11	15918355	0	277	277	0
chr11	17541942	141	1	142	0.992958
chr11	18762646	130	0	130	1
chr11	19400933	47	68	115	0.408696
chr11	19523562	112	103	215	0.52093
chr11	20192409	42	80	122	0.344262
chr11	21114297	75	0	75	1
chr11	21470720	79	79	158	0.5
chr11	22958929	0	139	139	0
chr11	23569218	36	44	80	0.45
chr11	24977467	34	32	66	0.515152
chr11	26765423	79	0	79	1
chr11	27288409	89	0	89	1
chr11	29685948	57	0	57	1
chr11	30752978	44	68	112	0.392857
chr11	33046730	58	88	146	0.39726
chr11	34342586	105	138	243	0.432099
chr11	35346592	113	138	251	0.450199
chr11	36438611	126	0	126	1
chr11	37650967	80	93	173	0.462428
chr11	40027944	41	66	107	0.383178
chr11	42091639	21	37	58	0.362069
chr11	42327363	37	41	78	0.474359
chr11	42724743	65	0	65	1
chr11	43706027	45	57	102	0.441176
chr11	44803541	154	0	154	1
chr11	45519053	107	107	214	0.5
chr11	54658649	23	40	63	0.365079
chr11	58640416	58	62	120	0.483333
chr11	60464852	0	115	115	0
chr11	61700131	0	759	759	0
chr11	66155118	0	171	171	0
chr11	68902219	74	78	152	0.486842
chr11	69519539	0	272	272	0
chr11	70159535	424	0	424	1
chr11	71135915	0	327	327	0
chr11	72473100	0	116	116	0
chr11	74297818	37	60	97	0.381443
chr11	76562304	62	74	136	0.455882
chr11	77187683	351	1	352	0.997159
chr11	78845415	40	57	97	0.412371
chr11	79183811	33	34	67	0.492537
chr11	79618362	30	35	65	0.461538
chr11	80123766	52	60	112	0.464286
chr11	80627025	29	40	69	0.42029
chr11	81047083	71	0	71	1
chr11	81548077	49	52	101	0.485149
chr11	83468153	35	38	73	0.479452
chr11	83904706	26	50	76	0.342105
chr11	86261897	98	107	205	0.478049
chr11	87128339	116	0	116	1
chr11	87924210	48	50	98	0.489796
chr11	88515796	0	82	82	0
chr11	91223046	0	96	96	0
chr11	92520632	29	41	70	0.414286
chr11	93018167	0	352	352	0
chr11	93845547	244	0	244	1
chr11	94156248	80	1	81	0.987654
chr11	94964350	70	95	165	0.424242
chr11	96188694	0	195	195	0
chr11	97897215	41	43	84	0.488095
chr11	99632489	26	29	55	0.472727
chr11	100714694	0	144	144	0
chr11	101796599	57	61	118	0.483051
chr11	103633218	134	0	134	1
chr11	105653654	36	62	98	0.367347
chr11	106635379	22	37	59	0.372881
chr11	107472236	0	89	89	0
chr11	108638050	0	89	89	0
chr11	111452321	458	0	458	1
chr11	112687401	58	42	100	0.58
chr11	112771909	164	0	164	1
chr11	114924739	42	66	108	0.388889
chr11	115670491	283	276	559	0.506261
chr11	115931723	230	0	230	1
chr11	116691280	110	90	200	0.55
chr11	118121090	0	194	194	0
chr11	119100541	225	263	488	0.461066
chr11	119706201	0	377	377	0
chr11	119937826	72	62	134	0.537313
chr11	120690285	291	0	291	1
chr11	120853613	58	66	124	0.467742
chr11	121697471	100	0	100	1
chr11	122999975	109	144	253	0.43083
chr11	123851684	339	0	339	1
chr11	124708386	66	96	162	0.407407
chr11	125979567	34	30	64	0.53125
chr11	126749946	0	138	138	0
chr11	127116888	50	57	107	0.46729
chr11	127746307	39	42	81	0.481481
chr11	128172277	88	0	88	1
chr11	128704278	0	179	179	0
chr11	129481111	55	0	55	1
chr11	130848021	0	130	130	0
chr11	131029738	136	0	136	1
chr11	131334995	36	43	79	0.455696
chr11	131865332	0	246	246	0
chr11	132225611	0	186	186	0
chr11	132314385	142	0	142	1
chr11	132696192	73	0	73	1
chr11	133008288	0	105	105	0
chr11	133621078	15	55	70	0.214286
chr11	134293507	183	281	464	0.394397
chr11	134904951	123	0	123	1
chr12	1547195	0	561	561	0
chr12	2450950	171	0	171	1
chr12	3549186	43	41	84	0.511905
chr12	3924994	0	285	285	0
chr12	4678655	47	56	103	0.456311
chr12	5293483	35	52	87	0.402299
chr12	5604398	76	76	152	0.5
chr12	5996333	95	107	202	0.470297
chr12	9989939	40	46	86	0.465116
chr12	12980399	76	62	138	0.550725
chr12	14527386	83	0	83	1
chr12	16142765	43	57	100	0.43
chr12	18334928	67	0	67	1
chr12	19530542	45	39	84	0.535714
chr12	19938167	0	219	219	0
chr12	23047507	86	0	86	1
chr12	24044908	0	92	92	0
chr12	25520887	53	0	53	1
chr12	26289267	57	81	138	0.413043
chr12	27084487	69	77	146	0.472603
chr12	29426713	0	99	99	0
chr12	30146414	0	144	144	0
chr12	30657509	0	109	109	0
chr12	31625793	203	270	473	0.429175
chr12	33329669	0	107	107	0
chr12	38246594	0	72	72	0
chr12	39841843	91	0	91	1
chr12	40899572	0	90	90	0
chr12	41881003	39	61	100	0.39
chr12	42736822	0	85	85	0
chr12	44715080	22	37	59	0.372881
chr12	45707332	0	93	93	0
chr12	47534831	35	63	98	0.357143
chr12	48530892	146	0	146	1
chr12	51201722	123	0	123	1
chr12	52534709	0	182	182	0
chr12	57625196	174	207	381	0.456693
chr12	58393339	39	53	92	0.423913
chr12	60039240	106	0	106	1
chr12	61138000	0	99	99	0
chr12	62062360	23	39	62	0.370968
chr12	63946154	36	54	90	0.4
chr12	64351533	75	0	75	1
chr12	64955671	46	82	128	0.359375
chr12	66279652	27	56	83	0.325301
chr12	66651468	0	86	86	0
chr12	67920241	39	58	97	0.402062
chr12	68957610	71	92	163	0.435583
chr12	70949172	36	35	71	0.507042
chr12	74310026	73	0	73	1
chr12	75739695	65	81	146	0.445205
chr12	76318758	64	66	130	0.492308
chr12	78245164	38	58	96	0.395833
chr12	78878383	0	102	102	0
chr12	81769160	38	39	77	0.493506
chr12	83822531	34	42	76	0.447368
chr12	86014548	0	184	184	0
chr12	90331605	54	0	54	1
chr12	92052125	51	80	131	0.389313
chr12	92588971	113	154	267	0.423221
chr12	93702397	66	80	146	0.452055
chr12	94077264	28	38	66	0.424242
chr12	94753361	121	166	287	0.421603
chr12	96524567	45	69	114	0.394737
chr12	97758893	36	43	79	0.455696
chr12	99501558	0	139	139	0
chr12	100491329	48	101	149	0.322148
chr12	101380461	212	0	212	1
chr12	101894592	129	181	310	0.416129
chr12	103212796	77	0	77	1
chr12	104720869	435	0	435	1
chr12	105279840	92	128	220	0.418182
chr12	105813227	114	0	114	1
chr12	106123099	73	66	139	0.52518
chr12	107798689	0	122	122	0
chr12	108411569	0	194	194	0
chr12	110956523	92	96	188	0.489362
chr12	113603042	0	120	120	0
chr12	114454793	0	121	121	0
chr12	115306576	0	96	96	0
chr12	115576452	68	98	166	0.409639
chr12	116403383	0	180	180	0
chr12	117323735	72	121	193	0.373057
chr12	117709094	40	73	113	0.353982
chr12	118676764	70	0	70	1
chr12	119437246	104	2	106	0.981132
chr12	120425681	69	111	180	0.383333
chr12	120939853	97	146	243	0.399177
chr12	122401672	233	301	534	0.43633
chr12	125766382	89	0	89	1
chr12	126427325	0	81	81	0
chr12	127011943	51	44	95	0.536842
chr12	127355419	85	89	174	0.488506
chr12	128506446	81	109	190	0.426316
chr12	128997054	104	123	227	0.45815
chr12	129306951	52	58	110	0.472727
chr12	129639879	0	92	92	0
chr12	130539016	0	336	336	0
chr12	131349779	328	1	329	0.99696
chr12	131697664	218	0	218	1
chr13	18977019	60	62	122	0.491803
chr13	20241132	59	84	143	0.412587
chr13	20860656	102	0	102	1
chr13	21656241	0	60	60	0
chr13	21987396	0	141	141	0
chr13	23377487	116	184	300	0.386667
chr13	24049249	48	59	107	0.448598
chr13	24863754	0	368	368	0
chr13	25460831	44	35	79	0.556962
chr13	26708547	43	49	92	0.467391
chr13	27403427	42	59	101	0.415842
chr13	27721044	0	199	199	0
chr13	28970549	50	76	126	0.396825
chr13	30749205	214	2	216	0.990741
chr13	31527221	17	39	56	0.303571
chr13	32748278	78	0	78	1
chr13	33796668	68	83	151	0.450331
chr13	34015011	0	108	108	0
chr13	34710266	86	0	86	1
chr13	36587360	0	72	72	0
chr13	37379646	0	89	89	0
chr13	39503821	73	58	131	0.557252
chr13	40284119	97	110	207	0.468599
chr13	41593113	46	61	107	0.429907
chr13	42573535	78	87	165	0.472727
chr13	43631547	41	58	99	0.414141
chr13	46122469	0	136	136	0
chr13	47068061	0	81	81	0
chr13	47549312	50	38	88	0.568182
chr13	47721092	0	104	104	0
chr13	49815960	89	72	161	0.552795
chr13	50611203	66	0	66	1
chr13	52732169	33	61	94	0.351064
chr13	52963602	67	1	68	0.985294
chr13	53305192	70	0	70	1
chr13	53610102	25	39	64	0.390625
chr13	55085877	28	28	56	0.5
chr13	58979100	0	93	93	0
chr13	60684211	0	122	122	0
chr13	62459648	84	0	84	1
chr13	65969671	0	106	106	0
chr13	68230616	63	0	63	1
chr13	69512198	90	1	91	0.989011
chr13	70562267	67	0	67	1
chr13	72098895	49	57	106	0.462264
chr13	73363150	32	31	63	0.507937
chr13	74866693	0	8	8	0
chr13	75341890	207	0	207	1
chr13	76291494	0	69	69	0
chr13	78463224	25	23	48	0.520833
chr13	79673656	0	120	120	0
chr13	80448732	151	0	151	1
chr13	80815205	55	0	55	1
chr13	81839624	48	49	97	0.494845
chr13	83570049	33	34	67	0.492537
chr13	86858125	24	39	63	0.380952
chr13	88146391	80	0	80	1
chr13	90283908	33	43	76	0.434211
chr13	91896587	110	0	110	1
chr13	94526063	0	113	113	0
chr13	95336936	0	336	336	0
chr13	96038862	41	27	68	0.602941
chr13	97011046	129	0	129	1
chr13	98057338	105	0	105	1
chr13	98723649	112	100	212	0.528302
chr13	99013078	89	86	175	0.508571
chr13	100562268	84	106	190	0.442105
chr13	101334683	0	120	120	0
chr13	101795744	33	51	84	0.392857
chr13	103004236	40	64	104	0.384615
chr13	103249423	61	100	161	0.378882
chr13	104877606	51	51	102	0.5
chr13	105758919	0	84	84	0
chr13	106648951	53	0	53	1
chr13	107553921	0	209	209	0
chr13	108498311	0	122	122	0
chr13	109304942	49	88	137	0.357664
chr13	109591975	35	43	78	0.448718
chr13	110499172	330	1	331	0.996979
chr13	111456652	149	180	329	0.452888
chr13	111996904	216	0	216	1
chr13	113971527	536	0	536	1
chr14	21782662	62	42	104	0.596154
chr14	22160220	47	29	76	0.618421
chr14	23770893	27	25	52	0.519231
chr14	24780616	87	77	164	0.530488
chr14	25300716	26	52	78	0.333333
chr14	26010137	67	73	140	0.478571
chr14	27151991	0	183	183	0
chr14	30162725	67	0	67	1
chr14	31843830	53	41	94	0.56383
chr14	32434410	101	1	102	0.990196
chr14	34008288	0	143	143	0
chr14	36382790	26	61	87	0.298851
chr14	36850539	0	90	90	0
chr14	38087180	0	65	65	0
chr14	38866948	0	113	113	0
chr14	41626029	29	42	71	0.408451
chr14	43658568	30	37	67	0.447761
chr14	44687914	88	0	88	1
chr14	47510060	36	55	91	0.395604
chr14	49438133	50	47	97	0.515464
chr14	50262532	0	213	213	0
chr14	51015194	52	53	105	0.495238
chr14	52143802	95	0	95	1
chr14	53005795	58	86	144	0.402778
chr14	53545540	37	69	106	0.349057
chr14	55564892	67	93	160	0.41875
chr14	55984694	0	215	215	0
chr14	56398982	24	24	48	0.5
chr14	57002680	66	65	131	0.503817
chr14	58150498	0	74	74	0
chr14	59366454	33	46	79	0.417722
chr14	62371311	84	0	84	1
chr14	62662321	0	79	79	0
chr14	64217208	83	103	186	0.446237
chr14	65766151	0	107	107	0
chr14	68468395	0	253	253	0
chr14	68621468	0	383	383	0
chr14	70719925	153	0	153	1
chr14	72054410	122	0	122	1
chr14	72386112	159	0	159	1
chr14	74443554	0	103	103	0
chr14	75013191	0	130	130	0
chr14	75356453	108	0	108	1
chr14	76208274	62	74	136	0.455882
chr14	77977821	88	0	88	1
chr14	78348796	51	83	134	0.380597
chr14	80325747	0	148	148	0
chr14	82316731	0	69	69	0
chr14	84299567	39	49	88	0.443182
chr14	85520819	28	39	67	0.41791
chr14	85770022	16	24	40	0.4
chr14	86382114	67	0	67	1
chr14	87341274	35	0	35	1
chr14	88639192	20	32	52	0.384615
chr14	89389616	236	0	236	1
chr14	90973035	184	2	186	0.989247
chr14	91922703	80	76	156	0.512821
chr14	93046185	451	0	451	1
chr14	93966727	170	177	347	0.489914
chr14	94979818	170	1	171	0.994152
chr14	96123023	0	97	97	0
chr14	96772879	46	63	109	0.422018
chr14	98279204	0	174	174	0
chr14	98536886	0	107	107	0
chr14	98810381	73	0	73	1
chr14	101203330	159	206	365	0.435616
chr14	103762209	78	90	168	0.464286
chr15	23510566	0	96	96	0
chr15	24833868	74	97	171	0.432749
chr15	25531828	0	169	169	0
chr15	26290841	33	52	85	0.388235
chr15	27038620	158	187	345	0.457971
chr15	29468312	67	120	187	0.358289
chr15	31009544	0	113	113	0
chr15	31924031	0	134	134	0
chr15	33487678	0	94	94	0
chr15	34716475	0	207	207	0
chr15	36067378	130	174	304	0.427632
chr15	37548063	40	0	40	1
chr15	37854291	42	36	78	0.538462
chr15	39078366	84	0	84	1
chr15	40159581	92	90	182	0.505495
chr15	41902019	213	241	454	0.469163
chr15	45721548	66	57	123	0.536585
chr15	46345706	246	0	246	1
chr15	47762922	0	90	90	0
chr15	49716246	0	91	91	0
chr15	51189725	62	73	135	0.459259
chr15	51798970	222	257	479	0.463466
chr15	53314488	28	27	55	0.509091
chr15	53721876	0	170	170	0
chr15	54559747	0	127	127	0
chr15	54710326	75	0	75	1
chr15	56025591	0	135	135	0
chr15	57314675	106	118	224	0.473214
chr15	57863836	118	0	118	1
chr15	58158075	0	117	117	0
chr15	58560223	52	0	52	1
chr15	60639043	48	57	105	0.457143
chr15	61149222	56	59	115	0.486957
chr15	61506544	0	145	145	0
chr15	62029277	0	101	101	0
chr15	63031681	120	138	258	0.465116
chr15	63897018	307	382	689	0.445573
chr15	66792347	44	113	157	0.280255
chr15	67175203	200	240	440	0.454545
chr15	68405853	0	334	334	0
chr15	69746861	0	247	247	0
chr15	71551310	47	59	106	0.443396
chr15	72962204	0	171	171	0
chr15	73411823	27	40	67	0.402985
chr15	74823075	367	2	369	0.99458
chr15	76816533	193	2	195	0.989744
chr15	78373969	149	0	149	1
chr15	79521745	33	45	78	0.423077
chr15	80001097	146	0	146	1
chr15	80614963	280	0	280	1
chr15	82697544	90	117	207	0.434783
chr15	85031813	88	90	178	0.494382
chr15	86418795	0	63	63	0
chr15	86623666	45	61	106	0.424528
chr15	87565085	0	132	132	0
chr15	88799489	0	358	358	0
chr15	89304504	69	101	170	0.405882
chr15	90425745	76	82	158	0.481013
chr15	91445344	0	90	90	0
chr15	91976168	79	71	150	0.526667
chr15	92229209	33	33	66	0.5
chr15	92414563	0	171	171	0
chr15	93321342	75	87	162	0.462963
chr15	94260216	0	258	258	0
chr15	96121641	35	58	93	0.376344
chr15	96500146	0	157	157	0
chr15	98062267	72	0	72	1
chr15	98538775	183	0	183	1
chr15	99962922	159	0	159	1
chr15	100727844	0	313	313	0
chr15	101375573	268	0	268	1
chr16	3357258	0	125	125	0
chr16	5923157	65	107	172	0.377907
chr16	6337347	34	26	60	0.566667
chr16	6818872	0	136	136	0
chr16	7485377	30	34	64	0.46875
chr16	7857979	48	0	48	1
chr16	9242399	129	1	130	0.992308
chr16	9511431	48	69	117	0.410256
chr16	10031760	0	279	279	0
chr16	10201416	89	101	190	0.468421
chr16	11259447	331	395	726	0.455923
chr16	12264349	328	0	328	1
chr16	12711496	149	0	149	1
chr16	13153498	50	74	124	0.403226
chr16	15564791	124	0	124	1
chr16	17710170	37	45	82	0.45122
chr16	19291696	77	85	162	0.475309
chr16	20226352	40	66	106	0.377358
chr16	24124880	0	130	130	0
chr16	25381243	0	144	144	0
chr16	26121058	76	0	76	1
chr16	26725261	0	218	218	0
chr16	27224774	0	732	732	0
chr16	28052627	115	100	215	0.534884
chr16	48479070	0	105	105	0
chr16	49122902	26	58	84	0.309524
chr16	52532542	64	75	139	0.460432
chr16	53766842	150	0	150	1
chr16	54119187	40	55	95	0.421053
chr16	55268772	0	98	98	0
chr16	55872575	57	75	132	0.431818
chr16	57128744	212	248	460	0.46087
chr16	57720356	0	486	486	0
chr16	59254423	42	50	92	0.456522
chr16	59571746	0	104	104	0
chr16	62214262	275	1	276	0.996377
chr16	63247861	34	32	66	0.515152
chr16	64789053	20	43	63	0.31746
chr16	65512429	0	91	91	0
chr16	65976061	0	142	142	0
chr16	66088413	0	73	73	0
chr16	68391590	0	246	246	0
chr16	68694708	65	88	153	0.424837
chr16	72167220	44	45	89	0.494382
chr16	73420742	52	49	101	0.514851
chr16	73795064	0	180	180	0
chr16	74207204	77	71	148	0.52027
chr16	75964556	37	55	92	0.402174
chr16	76901413	27	39	66	0.409091
chr16	77584904	84	0	84	1
chr16	78015325	0	141	141	0
chr16	78638701	0	116	116	0
chr16	78829916	0	137	137	0
chr16	79181188	20	36	56	0.357143
chr16	79490803	46	38	84	0.547619
chr16	79707334	133	0	133	1
chr16	80212053	72	94	166	0.433735
chr16	81351071	0	81	81	0
chr16	81923904	0	275	275	0
chr16	82549366	0	113	113	0
chr16	82922858	0	72	72	0
chr16	83285135	88	0	88	1
chr16	83653864	53	47	100	0.53
chr16	84136867	0	371	371	0
chr16	85486591	206	270	476	0.432773
chr16	86418390	59	0	59	1
chr16	86785000	74	0	74	1
chr16	88783697	0	883	883	0
chr16	89414866	254	284	538	0.472119
chr17	987971	200	219	419	0.477327
chr17	3540930	64	131	195	0.328205
chr17	4427652	224	280	504	0.444444
chr17	6003122	120	0	120	1
chr17	6298981	0	176	176	0
chr17	8018733	124	0	124	1
chr17	9031446	40	60	100	0.4
chr17	9903490	0	468	468	0
chr17	11013732	51	0	51	1
chr17	12860431	50	73	123	0.406504
chr17	13131581	132	0	132	1
chr17	14057121	0	100	100	0
chr17	14583275	0	104	104	0
chr17	15082170	0	143	143	0
chr17	16471798	124	128	252	0.492063
chr17	20931611	32	44	76	0.421053
chr17	30188461	167	0	167	1
chr17	31737201	57	79	136	0.419118
chr17	32567044	158	160	318	0.496855
chr17	33550232	73	106	179	0.407821
chr17	33687098	58	91	149	0.389262
chr17	34131221	52	67	119	0.436975
chr17	35520295	0	182	182	0
chr17	36765043	76	78	154	0.493506
chr17	38436774	220	0	220	1
chr17	40998511	62	0	62	1
chr17	44919781	0	607	607	0
chr17	46912522	0	261	261	0
chr17	51438391	67	117	184	0.36413
chr17	52063544	0	138	138	0
chr17	52461207	0	87	87	0
chr17	52962455	32	67	99	0.323232
chr17	53988347	41	33	74	0.554054
chr17	54521446	0	82	82	0
chr17	56772968	0	141	141	0
chr17	58609093	485	1	486	0.997942
chr17	62765764	246	0	246	1
chr17	65656798	59	75	134	0.440299
chr17	66576352	100	127	227	0.440529
chr17	66734768	36	75	111	0.324324
chr17	69233646	73	104	177	0.412429
chr17	71184862	56	0	56	1
chr17	72303817	0	296	296	0
chr17	72838680	202	0	202	1
chr17	73390823	391	1	392	0.997449
chr17	73884035	156	165	321	0.485981
chr17	76567093	199	269	468	0.425214
chr17	78162446	184	219	403	0.456576
chr17	79190963	259	0	259	1
chr17	81288009	253	270	523	0.483748
chr17	82822508	485	2	487	0.995893
chr18	932778	0	122	122	0
chr18	1414471	107	1	108	0.990741
chr18	2173591	46	49	95	0.484211
chr18	3410244	191	0	191	1
chr18	4396034	61	64	125	0.488
chr18	5819801	73	0	73	1
chr18	7062730	0	153	153	0
chr18	8364109	0	119	119	0
chr18	8782149	142	208	350	0.405714
chr18	9755414	56	67	123	0.455285
chr18	10426087	63	83	146	0.431507
chr18	11095220	115	128	243	0.473251
chr18	13332692	71	0	71	1
chr18	13590753	231	0	231	1
chr18	22283206	49	47	96	0.510417
chr18	24101005	0	169	169	0
chr18	25159965	25	41	66	0.378788
chr18	25597339	30	69	99	0.30303
chr18	26652409	43	43	86	0.5
chr18	27872138	87	0	87	1
chr18	29630798	34	25	59	0.576271
chr18	30343595	0	59	59	0
chr18	31488105	72	113	185	0.389189
chr18	31646245	121	0	121	1
chr18	33730797	27	51	78	0.346154
chr18	34080151	0	111	111	0
chr18	36383241	195	254	449	0.434298
chr18	37373574	172	233	405	0.424691
chr18	38885601	17	50	67	0.253731
chr18	41848450	62	0	62	1
chr18	43135420	0	88	88	0
chr18	44033978	0	109	109	0
chr18	44873082	120	0	120	1
chr18	45435567	33	43	76	0.434211
chr18	46507092	231	239	470	0.491489
chr18	49845523	105	110	215	0.488372
chr18	50467474	56	54	110	0.509091
chr18	50737617	87	88	175	0.497143
chr18	52002986	65	96	161	0.403727
chr18	53408983	46	1	47	0.978723
chr18	53895192	23	0	23	1
chr18	55855487	40	48	88	0.454545
chr18	57865302	0	151	151	0
chr18	58813041	107	0	107	1
chr18	59455379	395	0	395	1
chr18	60820086	16	49	65	0.246154
chr18	61464696	0	95	95	0
chr18	63339059	96	131	227	0.422907
chr18	64588458	49	51	100	0.49
chr18	66545786	0	90	90	0
chr18	68124218	37	51	88	0.420455
chr18	69234778	0	122	122	0
chr18	69723202	70	0	70	1
chr18	71496455	0	58	58	0
chr18	72396056	0	155	155	0
chr18	73188586	0	126	126	0
chr18	74171624	0	247	247	0
chr18	74542955	91	92	183	0.497268
chr18	75264387	37	43	80	0.4625
chr18	75893243	39	53	92	0.423913
chr18	76408013	449	0	449	1
chr18	77459722	0	88	88	0
chr18	78104794	194	0	194	1
chr18	79613296	231	270	501	0.461078
chr19	2435458	0	561	561	0
chr19	5928883	310	3	313	0.990415
chr19	8994295	161	0	161	1
chr19	10108400	320	343	663	0.482655
chr19	13494001	36	47	83	0.433735
chr19	14717925	41	81	122	0.336066
chr19	18968584	93	100	193	0.481865
chr19	20582324	57	0	57	1
chr19	23988064	69	49	118	0.584746
chr19	28146293	273	0	273	1
chr19	29292656	0	344	344	0
chr19	30672277	70	78	148	0.472973
chr19	31396593	49	79	128	0.382812
chr19	32181583	101	131	232	0.435345
chr19	33423259	0	125	125	0
chr19	36072847	0	372	372	0
chr19	38696310	468	0	468	1
chr19	41671232	0	100	100	0
chr19	43928688	60	73	133	0.451128
chr19	44722081	0	615	615	0
chr19	46631055	201	246	447	0.449664
chr19	50581448	0	207	207	0
chr19	52201708	0	88	88	0
chr19	53539814	61	0	61	1
chr19	55042770	0	552	552	0
chr19	56674378	0	98	98	0
chr20	187825	115	0	115	1
chr20	560691	50	92	142	0.352113
chr20	1407575	45	81	126	0.357143
chr20	2184680	0	95	95	0
chr20	2780059	134	2	136	0.985294
chr20	4360047	50	56	106	0.471698
chr20	5162564	50	55	105	0.47619
chr20	6067341	0	192	192	0
chr20	7324573	49	0	49	1
chr20	8718829	30	47	77	0.38961
chr20	9704965	38	34	72	0.527778
chr20	10104406	0	112	112	0
chr20	10906666	0	106	106	0
chr20	11241922	25	47	72	0.347222
chr20	12221352	41	39	80	0.5125
chr20	12875550	74	0	74	1
chr20	14050746	43	41	84	0.511905
chr20	15186129	0	108	108	0
chr20	15643511	0	112	112	0
chr20	16095076	55	62	117	0.470085
chr20	16270438	75	83	158	0.474684
chr20	16721930	39	35	74	0.527027
chr20	17403941	129	0	129	1
chr20	17914738	48	64	112	0.428571
chr20	19010279	79	1	80	0.9875
chr20	19470450	93	0	93	1
chr20	20784594	0	79	79	0
chr20	21531894	71	0	71	1
chr20	22211419	0	66	66	0
chr20	23831199	39	81	120	0.325
chr20	24332837	73	0	73	1
chr20	32847454	132	0	132	1
chr20	34367617	0	235	235	0
chr20	34900968	71	0	71	1
chr20	38187703	108	118	226	0.477876
chr20	38864604	210	197	407	0.515971
chr20	39320412	83	103	186	0.446237
chr20	40642841	142	0	142	1
chr20	41322165	0	244	244	0
chr20	42583273	35	38	73	0.479452
chr20	44085318	151	169	320	0.471875
chr20	45061562	27	34	61	0.442623
chr20	45638352	27	49	76	0.355263
chr20	47094300	25	48	73	0.342466
chr20	48135716	76	101	177	0.429379
chr20	49422880	0	176	176	0
chr20	49937166	129	199	328	0.393293
chr20	51127199	239	0	239	1
chr20	51655623	111	0	111	1
chr20	52889595	49	45	94	0.521277
chr20	53466315	121	1	122	0.991803
chr20	54954287	0	90	90	0
chr20	55771758	69	69	138	0.5
chr20	56454702	45	67	112	0.401786
chr20	56936846	0	223	223	0
chr20	57199289	0	388	388	0
chr20	57840155	166	228	394	0.42132
chr20	58157745	140	0	140	1
chr20	58812832	186	260	446	0.41704
chr20	59597291	145	0	145	1
chr20	60427938	0	136	136	0
chr20	61680459	123	132	255	0.482353
chr20	63417301	212	231	443	0.478555
chr21	14656585	51	17	68	0.75
chr21	16968742	0	88	88	0
chr21	17368480	25	31	56	0.446429
chr21	18320982	72	0	72	1
chr21	18480204	44	60	104	0.423077
chr21	19714813	36	25	61	0.590164
chr21	20639731	23	36	59	0.389831
chr21	21497275	38	61	99	0.383838
chr21	23319493	54	0	54	1
chr21	24435787	31	52	83	0.373494
chr21	25851584	26	43	69	0.376812
chr21	26641763	0	82	82	0
chr21	27828200	0	119	119	0
chr21	29313290	108	0	108	1
chr21	32071980	47	76	123	0.382114
chr21	32870829	94	153	247	0.380567
chr21	34281004	0	498	498	0
chr21	34620721	78	86	164	0.47561
chr21	37078830	52	82	134	0.38806
chr21	37779348	27	48	75	0.36
chr21	37956216	52	66	118	0.440678
chr21	38684499	72	102	174	0.413793
chr21	39598449	89	144	233	0.381974
chr21	39974067	55	74	129	0.426357
chr21	40423129	42	46	88	0.477273
chr21	40931799	110	0	110	1
chr21	42072476	182	184	366	0.497268
chr21	42425185	204	292	496	0.41129
chr21	43769284	380	0	380	1
chr21	44924511	246	0	246	1
chr22	17044694	0	149	149	0
chr22	20748202	276	278	554	0.498195
chr22	23900786	133	0	133	1
chr22	25509454	31	60	91	0.340659
chr22	26405321	106	127	233	0.454936
chr22	27223883	51	74	125	0.408
chr22	27710210	118	128	246	0.479675
chr22	30273894	307	0	307	1
chr22	32429957	53	121	174	0.304598
chr22	33508690	125	0	125	1
chr22	33885059	0	220	220	0
chr22	34869265	216	0	216	1
chr22	35083125	130	2	132	0.984848
chr22	36452480	204	263	467	0.436831
chr22	37010293	469	0	469	1
chr22	38218122	0	253	253	0
chr22	39695542	226	283	509	0.444008
chr22	41989963	148	200	348	0.425287
chr22	42903288	235	257	492	0.477642
chr22	43917969	0	326	326	0
chr22	44721554	302	0	302	1
chr22	46864258	95	129	224	0.424107
chr22	47275144	78	106	184	0.423913
chr22	48125352	50	73	123	0.406504
chrX	490407	153	0	153	1
chrX	3209281	0	166	166	0
chrX	4466655	69	0	69	1
chrX	5276573	24	58	82	0.292683
chrX	5693674	48	64	112	0.428571
chrX	5943053	30	42	72	0.416667
chrX	7060607	246	0	246	1
chrX	8296572	0	83	83	0
chrX	8636790	32	36	68	0.470588
chrX	9135052	0	105	105	0
chrX	12093112	80	0	80	1
chrX	12401877	0	144	144	0
chrX	13424642	56	64	120	0.466667
chrX	14957538	44	122	166	0.26506
chrX	15234576	162	157	319	0.507837
chrX	16243553	0	83	83	0
chrX	21836477	54	47	101	0.534653
chrX	22428482	28	58	86	0.325581
chrX	23608866	32	53	85	0.376471
chrX	26211229	34	46	80	0.425
chrX	27817165	23	56	79	0.291139
chrX	29019687	39	58	97	0.402062
chrX	31276645	36	58	94	0.382979
chrX	33633217	35	32	67	0.522388
chrX	34036353	35	42	77	0.454545
chrX	38181648	75	55	130	0.576923
chrX	39375299	85	118	203	0.418719
chrX	40217651	52	97	149	0.348993
chrX	43068616	247	0	247	1
chrX	46696310	0	496	496	0
chrX	48040800	0	150	150	0
chrX	69554632	70	104	174	0.402299
chrX	70710007	14	40	54	0.259259
chrX	79154150	68	39	107	0.635514
chrX	84381811	82	0	82	1
chrX	87432723	22	41	63	0.349206
chrX	93213673	22	40	62	0.354839
chrX	94761395	0	104	104	0
chrX	97156195	16	67	83	0.192771
chrX	100751388	0	102	102	0
chrX	103928893	0	390	390	0
chrX	108075799	26	61	87	0.298851
chrX	113684716	58	0	58	1
chrX	115946970	94	65	159	0.591195
chrX	116618542	25	47	72	0.347222
chrX	117250152	0	120	120	0
chrX	119731159	113	186	299	0.377926
chrX	121313996	0	113	113	0
chrX	121515979	0	98	98	0
chrX	123494833	32	31	63	0.507937
chrX	129053060	45	0	45	1
chrX	130379957	77	0	77	1
chrX	131399817	75	0	75	1
chrX	132798388	46	62	108	0.425926
chrX	134747855	0	214	214	0
chrX	136363198	54	63	117	0.461538
chrX	137645365	44	51	95	0.463158
chrX	140498817	81	1	82	0.987805
chrX	140920281	0	96	96	0
chrX	143608965	81	0	81	1
chrX	143794919	0	59	59	0
chrX	145925979	60	70	130	0.461538
chrX	146334683	0	66	66	0
chrX	148076665	0	116	116	0
chrX	150543408	492	0	492	1
chrX	151326169	0	67	67	0
chrX	153335615	169	1	170	0.994118
